# CREATED BY M. WILD: Concatenated from original data, added x/d column
# Sandia piloted CH4-air jet flame D (1997)
# Profile of Favre average mass fractions
# x/d    r/d    F       Frms    T(K)   Trms   YO2       YO2rms    YN2       YN2rms    YH2       YH2rms    YH2O      YH2Orms   YCH4      YCH4rms   YCO       YCOrms    YCO2      YCO2rms   YOH       YOHrms    YNO       YNOrms    YCOLIF    YCOrms
  1.0  -0.60  0.6222  0.1009  1420.   273.  9.06E-02  3.88E-02  6.82E-01  1.86E-02  8.54E-04  2.87E-04  6.74E-02  2.15E-02  6.12E-02  2.54E-02  2.15E-02  7.46E-03  7.71E-02  2.14E-02  6.14E-04  4.56E-04  9.19E-06  3.80E-06  1.99E-02  6.60E-03
  1.0  -0.53  0.8110  0.0892   714.   218.  1.71E-01  2.31E-02  6.59E-01  1.19E-02  3.39E-04  2.06E-04  2.35E-02  1.22E-02  1.15E-01  1.99E-02  5.19E-03  6.18E-03  2.54E-02  1.62E-02  4.42E-05  7.29E-05  2.89E-06  1.46E-06  5.66E-03  4.10E-03
  1.0  -0.46  0.9509  0.0619   391.    76.  1.94E-01  7.61E-03  6.49E-01  7.83E-03  6.17E-05  5.74E-05  6.29E-03  4.55E-03  1.46E-01  1.13E-02  0.00E+00  1.38E-03  4.00E-03  4.75E-03  0.00E+00  8.32E-06  7.66E-07  4.81E-07  8.52E-04  8.75E-04
  1.0  -0.39  1.0084  0.0352   305.    16.  1.95E-01  4.45E-03  6.46E-01  5.87E-03  8.38E-06  1.60E-05  1.20E-03  9.52E-04  1.57E-01  5.53E-03  0.00E+00  9.76E-04  1.35E-04  1.04E-03  0.00E+00  7.94E-07  2.18E-07  1.65E-07  1.37E-04  1.98E-04
  1.0  -0.04  1.0049  0.0297   288.     3.  1.96E-01  4.29E-03  6.47E-01  5.58E-03  7.37E-07  1.36E-05  4.89E-04  1.49E-04  1.57E-01  4.58E-03  8.65E-05  9.09E-04  0.00E+00  8.13E-04  2.04E-07  7.28E-07  9.90E-08  8.61E-08  4.36E-05  6.85E-05
  1.0   0.38  1.0140  0.0346   302.    14.  1.94E-01  5.12E-03  6.46E-01  5.74E-03  1.06E-05  1.89E-05  1.01E-03  7.97E-04  1.58E-01  5.35E-03  2.72E-04  1.01E-03  4.99E-04  1.38E-03  3.23E-07  7.59E-07  1.24E-07  1.21E-07  1.14E-04  1.22E-04
  1.0   0.44  0.9898  0.0547   380.    72.  1.82E-01  1.18E-02  6.53E-01  9.81E-03  8.68E-05  7.28E-05  6.24E-03  5.34E-03  1.52E-01  1.02E-02  1.63E-03  1.76E-03  6.33E-03  5.79E-03  2.87E-06  1.31E-05  5.42E-07  4.29E-07  7.67E-04  7.68E-04
  1.0   0.51  0.8793  0.1043   626.   205.  1.48E-01  2.59E-02  6.73E-01  1.75E-02  3.43E-04  2.00E-04  2.41E-02  1.37E-02  1.26E-01  2.28E-02  7.58E-03  5.58E-03  2.42E-02  1.51E-02  5.67E-05  8.42E-05  2.41E-06  1.58E-06  4.24E-03  3.38E-03
  1.0   0.58  0.5910  0.1157  1319.   302.  7.09E-02  2.96E-02  7.09E-01  1.32E-02  7.72E-04  2.74E-04  6.92E-02  2.04E-02  5.70E-02  2.85E-02  2.12E-02  7.10E-03  7.35E-02  2.19E-02  8.68E-04  4.96E-04  9.59E-06  4.17E-06  1.91E-02  7.89E-03
  1.0   0.65  0.3381  0.0281  1875.    56.  4.01E-02  6.41E-03  7.23E-01  1.04E-02  4.62E-04  2.42E-04  1.00E-01  6.00E-03  4.99E-03  3.98E-03  1.42E-02  5.73E-03  1.11E-01  6.75E-03  2.74E-03  3.56E-04  1.85E-05  2.09E-06  1.75E-02  4.10E-03
  1.0   0.72  0.2805  0.0142  1892.    40.  5.05E-02  6.00E-03  7.34E-01  9.79E-03  1.68E-04  1.78E-04  9.53E-02  5.60E-03  1.05E-03  1.17E-03  4.50E-03  4.11E-03  1.10E-01  6.50E-03  2.64E-03  1.97E-04  1.61E-05  1.93E-06  6.57E-03  1.55E-03
  1.0   0.79  0.2711  0.0124  1886.    41.  5.27E-02  6.23E-03  7.36E-01  9.15E-03  9.69E-05  1.40E-04  9.27E-02  5.46E-03  8.82E-04  9.70E-04  2.97E-03  3.64E-03  1.11E-01  6.23E-03  2.28E-03  1.56E-04  1.52E-05  1.72E-06  4.24E-03  1.16E-03
  1.0   0.93  0.2687  0.0137  1880.    42.  5.24E-02  6.61E-03  7.37E-01  1.00E-02  8.28E-05  1.37E-04  9.25E-02  5.62E-03  6.73E-04  9.34E-04  2.09E-03  3.52E-03  1.12E-01  6.91E-03  2.02E-03  1.46E-04  1.47E-05  1.59E-06  3.38E-03  9.82E-04
  1.0   1.07  0.2611  0.0118  1806.    47.  5.81E-02  6.46E-03  7.37E-01  9.00E-03  3.99E-05  1.31E-04  9.11E-02  5.27E-03  5.98E-04  8.82E-04  1.99E-03  3.28E-03  1.09E-01  6.23E-03  1.69E-03  1.40E-04  1.34E-05  1.70E-06  2.85E-03  8.43E-04
  1.0   1.21  0.2052  0.0205  1493.    88.  9.77E-02  1.41E-02  7.38E-01  8.14E-03  3.79E-05  9.89E-05  7.33E-02  7.06E-03  1.82E-04  5.72E-04  8.81E-04  2.72E-03  8.84E-02  9.52E-03  7.44E-04  1.93E-04  8.75E-06  1.56E-06  1.42E-03  5.75E-04
  1.0   1.35  0.0772  0.0248   849.   140.  1.84E-01  1.74E-02  7.50E-01  7.01E-03  2.26E-05  4.24E-05  3.35E-02  7.58E-03  2.57E-05  2.05E-04  2.36E-04  1.68E-03  3.07E-02  1.17E-02  5.59E-05  4.06E-05  2.83E-06  9.85E-07  7.79E-04  2.60E-04
  1.0   1.49  0.0120  0.0080   425.    58.  2.25E-01  6.69E-03  7.60E-01  5.02E-03  1.58E-05  1.29E-05  1.17E-02  3.16E-03  0.00E+00  8.39E-05  0.00E+00  6.79E-04  3.12E-03  2.90E-03  2.55E-08  9.58E-07  4.18E-07  2.92E-07  1.65E-04  1.07E-04
  1.0   1.62  0.0001  0.0011   329.    14.  2.30E-01  4.15E-03  7.63E-01  4.07E-03  8.13E-06  7.15E-06  6.29E-03  5.49E-04  0.00E+00  6.57E-05  0.00E+00  4.75E-04  5.78E-05  4.29E-04  5.03E-08  1.29E-07  1.48E-07  1.36E-07  3.03E-05  4.29E-05
  1.0   1.90  0.0000  0.0010   300.     8.  2.31E-01  4.04E-03  7.63E-01  4.09E-03  5.86E-06  6.14E-06  6.03E-03  4.82E-04  2.74E-06  6.09E-05  0.00E+00  3.91E-04  0.00E+00  3.62E-04  1.25E-09  1.15E-07  1.38E-07  1.25E-07  2.63E-05  4.26E-05
  2.0  -0.67  0.5772  0.1111  1621.   275.  5.99E-02  3.78E-02  6.91E-01  2.15E-02  1.34E-03  4.01E-04  8.54E-02  2.17E-02  4.48E-02  2.65E-02  3.07E-02  9.78E-03  8.80E-02  1.98E-02  7.45E-04  6.24E-04  2.15E-05  7.76E-06  2.85E-02  7.48E-03
  2.0  -0.60  0.7452  0.0844  1026.   322.  1.33E-01  4.04E-02  6.67E-01  1.35E-02  9.50E-04  4.49E-04  4.38E-02  2.16E-02  9.19E-02  2.47E-02  1.78E-02  1.18E-02  4.69E-02  2.40E-02  1.06E-04  1.37E-04  8.95E-06  5.29E-06  1.66E-02  9.49E-03
  2.0  -0.53  0.8334  0.0836   649.   221.  1.70E-01  2.38E-02  6.61E-01  1.10E-02  4.39E-04  3.05E-04  2.15E-02  1.31E-02  1.19E-01  1.96E-02  5.95E-03  6.97E-03  2.11E-02  1.53E-02  1.59E-05  3.58E-05  3.73E-06  2.46E-06  6.76E-03  5.44E-03
  2.0  -0.46  0.9221  0.0687   422.   114.  1.89E-01  1.06E-02  6.53E-01  8.72E-03  1.30E-04  1.25E-04  8.20E-03  6.65E-03  1.40E-01  1.37E-02  4.04E-04  2.43E-03  6.50E-03  7.10E-03  0.00E+00  7.25E-06  1.30E-06  1.04E-06  2.14E-03  1.98E-03
  2.0  -0.39  0.9685  0.0454   334.    44.  1.95E-01  5.57E-03  6.50E-01  6.93E-03  3.82E-05  4.39E-05  3.06E-03  2.63E-03  1.50E-01  7.83E-03  0.00E+00  1.17E-03  1.67E-03  2.41E-03  0.00E+00  1.00E-06  5.15E-07  4.41E-07  6.35E-04  8.20E-04
  2.0  -0.32  0.9878  0.0381   303.    18.  1.96E-01  4.28E-03  6.49E-01  6.17E-03  1.25E-05  2.13E-05  1.20E-03  1.10E-03  1.54E-01  6.08E-03  0.00E+00  9.90E-04  1.98E-04  1.20E-03  0.00E+00  8.35E-07  1.89E-07  1.85E-07  1.61E-04  2.69E-04
  2.0   0.11  0.9974  0.0312   290.     3.  1.95E-01  4.44E-03  6.49E-01  5.10E-03  2.50E-06  1.25E-05  4.88E-04  1.53E-04  1.56E-01  4.84E-03  5.83E-05  8.48E-04  0.00E+00  7.64E-04  1.78E-07  6.70E-07  8.81E-08  9.08E-08  2.43E-05  6.14E-05
  2.0   0.38  0.9910  0.0398   329.    41.  1.90E-01  7.50E-03  6.51E-01  7.41E-03  4.40E-05  5.00E-05  2.54E-03  2.51E-03  1.54E-01  6.77E-03  4.95E-04  1.15E-03  2.39E-03  3.04E-03  1.58E-07  7.76E-07  3.65E-07  3.21E-07  5.50E-04  6.15E-04
  2.0   0.44  0.9590  0.0595   421.   105.  1.78E-01  1.39E-02  6.57E-01  9.51E-03  1.80E-04  1.41E-04  8.94E-03  7.24E-03  1.45E-01  1.22E-02  2.37E-03  2.92E-03  8.78E-03  7.27E-03  2.43E-06  1.40E-05  1.16E-06  9.88E-07  2.06E-03  1.88E-03
  2.0   0.51  0.8861  0.0905   612.   204.  1.54E-01  2.55E-02  6.68E-01  1.51E-02  4.58E-04  2.77E-04  2.27E-02  1.40E-02  1.27E-01  2.09E-02  7.65E-03  6.16E-03  2.12E-02  1.40E-02  1.78E-05  2.88E-05  3.27E-06  2.51E-06  5.94E-03  4.59E-03
  2.0   0.58  0.7357  0.1184   996.   326.  1.05E-01  3.82E-02  6.93E-01  1.84E-02  9.36E-04  4.19E-04  4.93E-02  2.23E-02  8.94E-02  3.02E-02  1.92E-02  9.97E-03  4.72E-02  2.21E-02  1.34E-04  1.87E-04  9.13E-06  5.82E-06  1.58E-02  9.56E-03
  2.0   0.65  0.5142  0.1188  1603.   326.  4.59E-02  2.99E-02  7.08E-01  1.33E-02  1.14E-03  3.80E-04  8.85E-02  2.12E-02  3.38E-02  2.95E-02  3.05E-02  1.11E-02  9.14E-02  2.48E-02  1.22E-03  7.92E-04  2.47E-05  9.55E-06  2.98E-02  9.60E-03
  2.0   0.72  0.3533  0.0439  1939.    92.  3.08E-02  7.29E-03  7.22E-01  1.21E-02  5.93E-04  3.24E-04  1.05E-01  7.79E-03  4.45E-03  7.18E-03  1.81E-02  8.35E-03  1.13E-01  9.21E-03  2.84E-03  5.60E-04  2.89E-05  4.60E-06  2.18E-02  6.60E-03
  2.0   0.79  0.2945  0.0172  1952.    44.  4.22E-02  6.91E-03  7.32E-01  9.85E-03  2.09E-04  1.87E-04  1.00E-01  6.25E-03  9.48E-04  1.23E-03  6.79E-03  4.74E-03  1.12E-01  6.43E-03  2.81E-03  2.63E-04  2.33E-05  3.31E-06  9.05E-03  2.96E-03
  2.0   0.93  0.2636  0.0128  1860.    54.  5.50E-02  7.06E-03  7.37E-01  9.54E-03  5.63E-05  1.20E-04  9.13E-02  5.80E-03  5.41E-04  9.28E-04  1.19E-03  3.49E-03  1.12E-01  6.52E-03  1.64E-03  2.14E-04  1.61E-05  2.13E-06  2.44E-03  9.15E-04
  2.0   1.07  0.2314  0.0249  1689.   120.  7.60E-02  1.64E-02  7.40E-01  9.23E-03  1.31E-05  1.11E-04  8.12E-02  8.53E-03  3.35E-04  7.89E-04  0.00E+00  3.22E-03  1.01E-01  1.08E-02  9.38E-04  2.75E-04  1.24E-05  2.62E-06  1.16E-03  6.83E-04
  2.0   1.21  0.1583  0.0538  1297.   274.  1.27E-01  3.78E-02  7.45E-01  8.81E-03  2.00E-05  7.56E-05  5.84E-02  1.67E-02  8.00E-05  4.57E-04  8.34E-05  2.44E-03  6.90E-02  2.47E-02  3.26E-04  2.96E-04  7.66E-06  3.27E-06  6.80E-04  4.28E-04
  2.0   1.35  0.0909  0.0529   908.   299.  1.72E-01  3.66E-02  7.52E-01  8.60E-03  2.04E-05  5.37E-05  3.70E-02  1.66E-02  4.33E-05  2.61E-04  1.36E-07  1.75E-03  3.86E-02  2.44E-02  8.13E-05  1.31E-04  3.77E-06  2.57E-06  3.86E-04  2.52E-04
  2.0   1.49  0.0460  0.0443   632.   277.  2.01E-01  3.03E-02  7.57E-01  7.52E-03  1.50E-05  3.12E-05  2.22E-02  1.38E-02  2.89E-05  1.67E-04  0.00E+00  1.28E-03  1.89E-02  2.06E-02  1.85E-05  4.64E-05  1.97E-06  2.04E-06  1.94E-04  1.60E-04
  2.0   1.62  0.0113  0.0179   400.   131.  2.24E-01  1.20E-02  7.61E-01  5.74E-03  1.02E-05  1.28E-05  1.07E-02  5.99E-03  0.00E+00  9.43E-05  0.00E+00  6.94E-04  4.07E-03  8.06E-03  2.37E-06  1.22E-05  6.17E-07  8.12E-07  4.78E-05  8.17E-05
  2.0   1.90  0.0000  0.0009   298.     8.  2.30E-01  4.18E-03  7.64E-01  4.20E-03  4.66E-06  6.10E-06  5.91E-03  4.63E-04  0.00E+00  5.96E-05  0.00E+00  4.18E-04  0.00E+00  3.88E-04  4.21E-08  1.29E-07  2.21E-07  1.90E-07  3.00E-05  4.41E-05
  3.0  -0.74  0.5187  0.1166  1742.   249.  4.27E-02  3.29E-02  7.01E-01  2.26E-02  1.38E-03  4.58E-04  9.68E-02  1.97E-02  3.12E-02  2.50E-02  3.15E-02  1.04E-02  9.63E-02  1.82E-02  1.13E-03  8.84E-04  2.67E-05  8.60E-06  2.99E-02  8.33E-03
  3.0  -0.60  0.7787  0.0837   879.   304.  1.44E-01  3.63E-02  6.67E-01  1.20E-02  8.79E-04  4.57E-04  3.61E-02  2.06E-02  1.02E-01  2.37E-02  1.43E-02  1.05E-02  3.59E-02  2.14E-02  3.25E-05  5.74E-05  7.18E-06  5.08E-06  1.44E-02  9.24E-03
  3.0  -0.46  0.8980  0.0697   461.   143.  1.84E-01  1.45E-02  6.57E-01  8.79E-03  2.24E-04  2.00E-04  1.07E-02  8.63E-03  1.35E-01  1.48E-02  2.11E-03  3.81E-03  9.18E-03  8.97E-03  8.34E-07  9.66E-06  1.66E-06  1.47E-06  3.36E-03  3.22E-03
  3.0  -0.32  0.9690  0.0422   322.    38.  1.95E-01  5.11E-03  6.51E-01  6.10E-03  3.37E-05  4.42E-05  2.33E-03  2.29E-03  1.51E-01  7.12E-03  0.00E+00  1.02E-03  1.23E-03  2.15E-03  0.00E+00  8.54E-07  3.25E-07  3.59E-07  5.72E-04  6.97E-04
  3.0  -0.18  0.9876  0.0356   293.     6.  1.96E-01  4.47E-03  6.50E-01  5.87E-03  2.61E-06  1.27E-05  6.26E-04  3.17E-04  1.54E-01  5.55E-03  4.77E-05  9.58E-04  0.00E+00  8.18E-04  1.96E-07  7.53E-07  1.54E-07  1.09E-07  8.19E-05  1.66E-04
  3.0  -0.04  0.9869  0.0370   291.     3.  1.96E-01  4.35E-03  6.50E-01  6.16E-03  2.22E-06  1.36E-05  5.17E-04  1.65E-04  1.54E-01  5.71E-03  2.27E-07  9.18E-04  0.00E+00  8.56E-04  1.12E-07  7.47E-07  7.49E-08  8.83E-08  4.85E-05  6.53E-05
  3.0   0.10  0.9900  0.0360   290.     3.  1.96E-01  4.18E-03  6.50E-01  5.67E-03  3.24E-06  1.15E-05  5.20E-04  1.47E-04  1.55E-01  5.57E-03  2.57E-05  8.83E-04  0.00E+00  8.48E-04  1.64E-07  6.96E-07  7.50E-08  7.70E-08  3.88E-05  6.35E-05
  3.0   0.24  0.9949  0.0360   297.    12.  1.95E-01  4.88E-03  6.49E-01  6.23E-03  9.03E-06  1.83E-05  7.75E-04  6.34E-04  1.55E-01  5.63E-03  1.33E-04  9.87E-04  9.52E-05  1.27E-03  2.34E-07  7.47E-07  1.77E-07  1.26E-07  1.26E-04  2.43E-04
  3.0   0.38  0.9706  0.0505   362.    74.  1.87E-01  1.04E-02  6.54E-01  8.22E-03  9.99E-05  1.11E-04  4.74E-03  4.89E-03  1.49E-01  9.52E-03  1.23E-03  2.03E-03  4.37E-03  5.05E-03  7.53E-07  6.76E-06  5.69E-07  6.25E-07  1.18E-03  1.25E-03
  3.0   0.51  0.8805  0.0848   610.   206.  1.56E-01  2.63E-02  6.68E-01  1.43E-02  5.27E-04  3.31E-04  2.22E-02  1.44E-02  1.26E-01  2.03E-02  8.03E-03  6.64E-03  2.06E-02  1.36E-02  9.81E-06  2.15E-05  3.17E-06  2.62E-06  6.68E-03  5.39E-03
  3.0   0.65  0.6239  0.1250  1348.   354.  6.85E-02  3.75E-02  6.99E-01  1.42E-02  1.37E-03  4.15E-04  7.42E-02  2.43E-02  5.79E-02  3.29E-02  2.96E-02  1.25E-02  7.03E-02  2.63E-02  3.71E-04  5.11E-04  1.83E-05  9.82E-06  2.81E-02  1.23E-02
  3.0   0.79  0.3386  0.0434  1934.    79.  3.27E-02  1.00E-02  7.25E-01  1.27E-02  5.59E-04  3.83E-04  1.05E-01  8.46E-03  3.17E-03  5.14E-03  1.57E-02  1.03E-02  1.12E-01  7.74E-03  2.92E-03  4.91E-04  3.02E-05  5.92E-06  1.87E-02  7.34E-03
  3.0   0.93  0.2539  0.0315  1793.   136.  6.50E-02  1.94E-02  7.36E-01  9.79E-03  8.05E-05  1.46E-04  8.86E-02  1.06E-02  6.53E-04  8.98E-04  1.95E-03  3.64E-03  1.04E-01  1.11E-02  1.87E-03  5.92E-04  1.63E-05  4.59E-06  3.49E-03  2.23E-03
  3.0   1.07  0.1909  0.0534  1476.   275.  1.04E-01  3.61E-02  7.43E-01  1.05E-02  2.53E-05  8.94E-05  6.86E-02  1.69E-02  2.36E-04  6.46E-04  3.97E-04  2.86E-03  8.29E-02  2.33E-02  6.55E-04  5.09E-04  9.66E-06  4.17E-06  7.70E-04  7.71E-04
  3.0   1.21  0.1383  0.0580  1185.   315.  1.39E-01  4.03E-02  7.48E-01  9.46E-03  1.50E-05  7.03E-05  5.19E-02  1.83E-02  1.47E-04  4.52E-04  1.65E-04  2.48E-03  6.00E-02  2.62E-02  2.40E-04  3.26E-04  6.06E-06  3.54E-06  4.14E-04  4.12E-04
  3.0   1.35  0.1175  0.0597  1059.   341.  1.53E-01  4.18E-02  7.50E-01  9.00E-03  7.47E-06  5.99E-05  4.50E-02  1.91E-02  3.51E-05  3.24E-04  0.00E+00  2.06E-03  5.18E-02  2.74E-02  1.27E-04  1.90E-04  5.09E-06  3.18E-06  2.89E-04  3.15E-04
  3.0   1.49  0.0753  0.0576   808.   348.  1.82E-01  3.95E-02  7.54E-01  8.56E-03  1.14E-05  4.27E-05  3.14E-02  1.80E-02  9.74E-05  2.63E-04  0.00E+00  1.66E-03  3.24E-02  2.64E-02  5.43E-05  1.08E-04  2.93E-06  2.69E-06  1.51E-04  2.06E-04
  3.0   1.62  0.0352  0.0391   559.   266.  2.09E-01  2.62E-02  7.57E-01  7.34E-03  1.37E-05  2.69E-05  1.86E-02  1.21E-02  1.64E-05  1.51E-04  0.00E+00  1.16E-03  1.44E-02  1.84E-02  1.41E-05  4.13E-05  1.53E-06  1.79E-06  7.73E-05  1.24E-04
  3.0   1.90  0.0000  0.0012   301.    11.  2.30E-01  4.00E-03  7.64E-01  4.12E-03  5.07E-06  5.88E-06  6.27E-03  6.41E-04  1.31E-05  6.68E-05  0.00E+00  3.79E-04  0.00E+00  4.16E-04  0.00E+00  1.37E-07  1.43E-07  1.44E-07  2.16E-05  4.02E-05
  3.0   2.18  0.0000  0.0010   294.     4.  2.31E-01  3.97E-03  7.63E-01  4.01E-03  4.51E-06  5.43E-06  6.01E-03  4.95E-04  0.00E+00  6.08E-05  0.00E+00  3.85E-04  0.00E+00  3.79E-04  0.00E+00  1.37E-07  9.03E-08  1.18E-07  1.12E-05  4.10E-05
  7.5  -2.78  0.0000  0.0009   291.     3.  2.30E-01  3.78E-03  7.64E-01  3.80E-03  3.36E-06  4.81E-06  6.02E-03  4.68E-04  0.00E+00  6.19E-05  0.00E+00  3.78E-04  0.00E+00  3.62E-04  5.10E-08  1.14E-07  1.59E-07  1.43E-07  2.75E-05  4.03E-05
  7.5  -2.78  0.0000  0.0009   290.     3.  2.30E-01  4.02E-03  7.64E-01  4.05E-03  4.92E-06  5.18E-06  5.93E-03  4.99E-04  0.00E+00  6.56E-05  0.00E+00  3.61E-04  0.00E+00  3.60E-04  2.56E-08  1.28E-07  8.92E-08  1.26E-07  1.19E-05  3.82E-05
  7.5  -0.28  0.9376  0.0570   401.   100.  1.87E-01  1.04E-02  6.54E-01  8.08E-03  1.70E-04  1.55E-04  7.23E-03  6.07E-03  1.43E-01  1.15E-02  1.49E-03  2.91E-03  5.98E-03  6.20E-03  2.50E-07  6.06E-06  1.33E-06  1.25E-06  2.53E-03  2.42E-03
  7.5  -0.14  0.9698  0.0417   329.    43.  1.93E-01  6.14E-03  6.51E-01  6.67E-03  5.31E-05  6.54E-05  2.83E-03  2.63E-03  1.50E-01  7.28E-03  3.32E-04  1.20E-03  1.86E-03  2.63E-03  0.00E+00  8.50E-07  5.12E-07  4.80E-07  8.94E-04  1.08E-03
  7.5   0.00  0.9866  0.0370   306.    20.  1.94E-01  4.76E-03  6.50E-01  5.98E-03  1.71E-05  2.63E-05  1.37E-03  1.19E-03  1.54E-01  5.96E-03  1.33E-05  1.01E-03  5.65E-04  1.42E-03  0.00E+00  7.70E-07  2.37E-07  2.33E-07  4.10E-04  5.73E-04
  7.5   0.14  0.9869  0.0372   311.    23.  1.93E-01  5.23E-03  6.50E-01  6.51E-03  2.82E-05  4.03E-05  1.55E-03  1.37E-03  1.54E-01  6.01E-03  2.22E-04  1.04E-03  9.63E-04  1.70E-03  1.62E-08  7.35E-07  2.47E-07  2.33E-07  4.75E-04  6.08E-04
  7.5   0.28  0.9735  0.0493   364.    78.  1.87E-01  1.04E-02  6.53E-01  8.16E-03  1.18E-04  1.27E-04  4.98E-03  5.15E-03  1.50E-01  9.53E-03  1.56E-03  2.41E-03  4.41E-03  5.00E-03  6.37E-07  5.75E-06  7.11E-07  8.79E-07  1.52E-03  1.76E-03
  7.5   0.42  0.9320  0.0673   470.   148.  1.74E-01  1.79E-02  6.59E-01  1.03E-02  3.28E-04  2.70E-04  1.22E-02  1.03E-02  1.39E-01  1.54E-02  4.33E-03  5.11E-03  1.11E-02  9.71E-03  4.94E-06  1.60E-05  2.26E-06  2.29E-06  4.29E-03  3.90E-03
  7.5   0.56  0.8656  0.0851   673.   232.  1.51E-01  2.93E-02  6.67E-01  1.35E-02  7.30E-04  4.17E-04  2.67E-02  1.67E-02  1.21E-01  2.18E-02  1.13E-02  8.88E-03  2.36E-02  1.51E-02  5.91E-06  1.99E-05  5.52E-06  4.32E-06  1.00E-02  7.33E-03
  7.5   0.69  0.7508  0.1205  1016.   350.  1.09E-01  4.32E-02  6.82E-01  1.72E-02  1.30E-03  5.57E-04  5.23E-02  2.63E-02  8.92E-02  3.25E-02  2.18E-02  1.15E-02  4.55E-02  2.32E-02  8.33E-05  2.88E-04  1.28E-05  9.24E-06  2.08E-02  1.25E-02
  7.5   0.83  0.5893  0.1464  1435.   369.  6.32E-02  4.10E-02  6.98E-01  1.80E-02  1.60E-03  6.02E-04  8.22E-02  2.64E-02  4.85E-02  3.53E-02  3.08E-02  1.33E-02  7.32E-02  2.65E-02  5.80E-04  9.49E-04  2.52E-05  1.33E-05  3.23E-02  1.33E-02
  7.5   0.97  0.3811  0.1251  1734.   214.  4.95E-02  3.08E-02  7.17E-01  1.78E-02  9.75E-04  7.52E-04  9.82E-02  1.58E-02  1.17E-02  1.89E-02  2.31E-02  1.74E-02  9.39E-02  1.90E-02  1.87E-03  1.18E-03  3.34E-05  1.21E-05  2.65E-02  1.63E-02
  7.5   1.11  0.2331  0.0796  1589.   243.  9.10E-02  4.01E-02  7.35E-01  1.36E-02  2.48E-04  3.84E-04  8.08E-02  1.91E-02  1.47E-03  4.77E-03  6.58E-03  1.04E-02  8.16E-02  2.09E-02  1.64E-03  9.88E-04  2.25E-05  1.16E-05  8.63E-03  1.11E-02
  7.5   1.25  0.1360  0.0572  1197.   288.  1.45E-01  3.59E-02  7.46E-01  1.07E-02  5.12E-05  1.18E-04  5.28E-02  1.84E-02  1.57E-04  1.46E-03  1.15E-03  3.82E-03  5.44E-02  2.09E-02  4.76E-04  6.73E-04  1.10E-05  7.55E-06  1.64E-03  3.37E-03
  7.5   1.39  0.0826  0.0416   877.   265.  1.78E-01  2.83E-02  7.53E-01  8.27E-03  2.04E-05  4.77E-05  3.47E-02  1.37E-02  5.44E-05  2.48E-04  2.34E-04  1.83E-03  3.43E-02  1.81E-02  8.58E-05  2.28E-04  4.89E-06  3.77E-06  3.69E-04  7.73E-04
  7.5   1.53  0.0453  0.0345   625.   238.  2.01E-01  2.35E-02  7.57E-01  7.12E-03  1.39E-05  2.89E-05  2.23E-02  1.13E-02  0.00E+00  1.63E-04  0.00E+00  1.26E-03  1.89E-02  1.58E-02  1.04E-05  4.76E-05  2.27E-06  2.15E-06  1.01E-04  1.78E-04
  7.5   1.67  0.0254  0.0285   479.   202.  2.14E-01  1.93E-02  7.61E-01  6.16E-03  1.55E-05  2.08E-05  1.53E-02  9.41E-03  1.92E-05  1.18E-04  0.00E+00  8.91E-04  1.02E-02  1.27E-02  1.99E-06  1.13E-05  1.23E-06  1.56E-06  7.35E-05  1.03E-04
  7.5   1.94  0.0077  0.0145   354.   107.  2.25E-01  1.06E-02  7.63E-01  4.54E-03  7.72E-06  1.04E-05  9.14E-03  4.85E-03  0.00E+00  7.94E-05  0.00E+00  5.60E-04  2.91E-03  6.49E-03  1.42E-07  2.85E-06  3.45E-07  6.56E-07  5.00E-05  5.97E-05
  7.5   2.22  0.0000  0.0015   295.    10.  2.29E-01  4.16E-03  7.64E-01  4.11E-03  4.70E-06  6.05E-06  6.28E-03  7.16E-04  0.00E+00  5.85E-05  0.00E+00  3.51E-04  0.00E+00  5.16E-04  1.39E-08  1.25E-07  1.05E-07  1.28E-07  2.78E-05  4.19E-05
 15.0  -0.56  0.7973  0.1014   808.   282.  1.41E-01  3.53E-02  6.70E-01  1.41E-02  1.08E-03  5.70E-04  3.66E-02  2.12E-02  1.05E-01  2.64E-02  1.62E-02  1.10E-02  3.14E-02  1.86E-02  3.10E-05  1.40E-04  7.91E-06  6.34E-06  1.52E-02  9.84E-03
 15.0  -0.28  0.8739  0.0702   563.   175.  1.68E-01  2.16E-02  6.63E-01  1.00E-02  5.49E-04  3.55E-04  1.91E-02  1.29E-02  1.26E-01  1.73E-02  7.43E-03  6.84E-03  1.62E-02  1.18E-02  6.13E-06  2.11E-05  3.38E-06  2.95E-06  7.49E-03  5.60E-03
 15.0   0.00  0.9199  0.0552   466.   120.  1.78E-01  1.45E-02  6.59E-01  8.53E-03  3.20E-04  2.42E-04  1.15E-02  8.44E-03  1.38E-01  1.24E-02  3.94E-03  4.57E-03  9.81E-03  7.63E-03  7.31E-07  9.78E-06  1.85E-06  1.78E-06  4.34E-03  3.47E-03
 15.0   0.28  0.9011  0.0624   541.   165.  1.69E-01  2.01E-02  6.62E-01  9.71E-03  4.77E-04  3.42E-04  1.64E-02  1.19E-02  1.32E-01  1.54E-02  6.65E-03  6.27E-03  1.41E-02  1.03E-02  4.85E-06  1.61E-05  2.70E-06  2.62E-06  6.37E-03  5.04E-03
 15.0   0.28  0.9018  0.0690   542.   174.  1.69E-01  2.08E-02  6.62E-01  1.04E-02  4.70E-04  3.38E-04  1.64E-02  1.24E-02  1.32E-01  1.67E-02  6.59E-03  6.30E-03  1.41E-02  1.06E-02  4.72E-06  1.68E-05  2.71E-06  2.84E-06  5.98E-03  5.11E-03
 15.0   0.56  0.8155  0.1040   810.   295.  1.39E-01  3.69E-02  6.72E-01  1.55E-02  1.01E-03  5.45E-04  3.57E-02  2.22E-02  1.08E-01  2.73E-02  1.58E-02  1.06E-02  2.97E-02  1.83E-02  4.26E-05  2.55E-04  7.42E-06  6.83E-06  1.41E-02  9.97E-03
 15.0   0.83  0.6638  0.1629  1225.   385.  9.27E-02  4.54E-02  6.90E-01  1.99E-02  1.58E-03  6.85E-04  6.60E-02  2.88E-02  6.89E-02  3.79E-02  2.65E-02  1.34E-02  5.49E-02  2.64E-02  3.23E-04  7.88E-04  1.77E-05  1.26E-05  2.59E-02  1.36E-02
 15.0   1.11  0.4170  0.1784  1560.   335.  6.74E-02  4.70E-02  7.16E-01  2.28E-02  1.29E-03  9.84E-04  8.68E-02  2.49E-02  2.19E-02  2.80E-02  2.61E-02  1.88E-02  7.86E-02  2.60E-02  1.12E-03  1.23E-03  2.98E-05  1.49E-05  2.70E-02  1.79E-02
 15.0   1.39  0.2209  0.1347  1382.   422.  1.07E-01  6.09E-02  7.38E-01  1.84E-02  4.37E-04  7.09E-04  6.90E-02  2.98E-02  3.28E-03  1.01E-02  1.09E-02  1.64E-02  6.98E-02  3.20E-02  1.12E-03  1.16E-03  2.56E-05  1.61E-05  1.13E-02  1.56E-02
 15.0   1.67  0.1073  0.0886   954.   450.  1.62E-01  5.51E-02  7.51E-01  1.24E-02  8.71E-05  2.12E-04  4.10E-02  2.70E-02  2.74E-04  1.04E-03  2.36E-03  6.57E-03  4.15E-02  3.24E-02  4.43E-04  8.44E-04  1.37E-05  1.39E-05  2.82E-03  6.90E-03
 15.0   1.94  0.0560  0.0578   671.   355.  1.92E-01  3.85E-02  7.58E-01  8.81E-03  2.65E-05  4.98E-05  2.49E-02  1.88E-02  0.00E+00  2.52E-04  4.51E-04  1.96E-03  2.34E-02  2.44E-02  1.07E-04  3.62E-04  7.10E-06  8.78E-06  6.53E-04  1.74E-03
 15.0   2.22  0.0290  0.0364   497.   243.  2.10E-01  2.49E-02  7.61E-01  6.62E-03  1.66E-05  2.78E-05  1.59E-02  1.19E-02  0.00E+00  1.51E-04  5.24E-05  1.10E-03  1.23E-02  1.59E-02  1.45E-05  9.38E-05  3.29E-06  4.81E-06  2.79E-04  5.37E-04
 15.0   2.50  0.0151  0.0250   404.   172.  2.19E-01  1.69E-02  7.63E-01  5.61E-03  9.40E-06  1.42E-05  1.14E-02  8.27E-03  0.00E+00  9.96E-05  0.00E+00  8.25E-04  6.62E-03  1.11E-02  3.73E-06  3.92E-05  1.65E-06  3.05E-06  1.30E-04  1.78E-04
 15.0   2.78  0.0047  0.0124   329.    86.  2.26E-01  9.35E-03  7.64E-01  4.60E-03  8.24E-06  1.13E-05  7.76E-03  4.08E-03  0.00E+00  7.96E-05  0.00E+00  5.37E-04  2.08E-03  5.52E-03  2.84E-07  2.39E-06  5.44E-07  1.16E-06  3.44E-05  8.90E-05
 15.0   3.06  0.0003  0.0040   299.    26.  2.28E-01  4.75E-03  7.65E-01  4.11E-03  5.83E-06  7.10E-06  6.31E-03  1.40E-03  0.00E+00  6.62E-05  0.00E+00  4.13E-04  1.82E-04  1.64E-03  1.29E-08  1.32E-07  1.37E-07  3.32E-07  3.86E-05  4.96E-05
 30.0  -0.83  0.5651  0.1526  1519.   325.  5.56E-02  4.13E-02  6.99E-01  2.15E-02  2.40E-03  1.07E-03  9.14E-02  2.52E-02  3.97E-02  3.10E-02  3.72E-02  1.76E-02  7.46E-02  2.37E-02  4.11E-04  8.60E-04  3.01E-05  1.62E-05  3.63E-02  1.63E-02
 30.0  -0.42  0.6572  0.1245  1328.   341.  7.65E-02  4.14E-02  6.90E-01  1.75E-02  2.28E-03  8.04E-04  7.72E-02  2.62E-02  6.11E-02  3.15E-02  3.47E-02  1.37E-02  6.02E-02  2.29E-02  1.98E-04  6.13E-04  2.27E-05  1.46E-05  3.28E-02  1.37E-02
 30.0   0.00  0.6817  0.1076  1262.   313.  8.35E-02  3.95E-02  6.88E-01  1.55E-02  2.23E-03  6.95E-04  7.23E-02  2.52E-02  6.74E-02  2.91E-02  3.30E-02  1.27E-02  5.57E-02  2.05E-02  1.02E-04  4.51E-04  1.95E-05  1.21E-05  3.11E-02  1.24E-02
 30.0   0.42  0.6589  0.1211  1325.   328.  7.63E-02  4.09E-02  6.90E-01  1.66E-02  2.31E-03  8.10E-04  7.70E-02  2.59E-02  6.13E-02  3.08E-02  3.45E-02  1.34E-02  6.01E-02  2.17E-02  1.62E-04  5.45E-04  2.13E-05  1.30E-05  3.31E-02  1.32E-02
 30.0   0.83  0.5763  0.1514  1512.   339.  5.76E-02  4.03E-02  6.99E-01  2.00E-02  2.37E-03  1.04E-03  9.01E-02  2.55E-02  4.23E-02  3.24E-02  3.74E-02  1.73E-02  7.19E-02  2.38E-02  4.68E-04  9.53E-04  2.93E-05  1.60E-05  3.65E-02  1.52E-02
 30.0   1.25  0.4577  0.1692  1661.   299.  4.89E-02  4.05E-02  7.11E-01  2.20E-02  1.93E-03  1.33E-03  9.75E-02  2.30E-02  2.17E-02  2.64E-02  3.29E-02  2.20E-02  8.48E-02  2.32E-02  9.49E-04  1.18E-03  3.71E-05  1.68E-05  3.32E-02  1.99E-02
 30.0   1.67  0.3071  0.1574  1630.   363.  6.95E-02  5.67E-02  7.28E-01  2.15E-02  9.63E-04  1.25E-03  8.85E-02  2.87E-02  5.94E-03  1.47E-02  1.99E-02  2.36E-02  8.57E-02  2.73E-02  1.26E-03  1.18E-03  4.14E-05  1.85E-05  1.97E-02  2.17E-02
 30.0   2.08  0.2067  0.1121  1450.   438.  1.01E-01  6.21E-02  7.41E-01  1.60E-02  3.09E-04  6.85E-04  7.21E-02  3.12E-02  3.55E-04  2.49E-03  7.85E-03  1.54E-02  7.65E-02  3.31E-02  1.08E-03  1.14E-03  3.73E-05  2.07E-05  8.13E-03  1.48E-02
 30.0   2.50  0.1439  0.0914  1184.   451.  1.37E-01  5.69E-02  7.48E-01  1.31E-02  8.75E-05  2.86E-04  5.34E-02  2.85E-02  1.12E-04  5.47E-04  2.53E-03  7.90E-03  5.87E-02  3.36E-02  5.92E-04  9.06E-04  2.65E-05  1.91E-05  2.63E-03  7.43E-03
 30.0   2.92  0.0933  0.0747   907.   408.  1.68E-01  4.79E-02  7.54E-01  1.12E-02  3.76E-05  1.33E-04  3.70E-02  2.38E-02  0.00E+00  3.44E-04  7.01E-04  4.28E-03  3.96E-02  2.99E-02  2.46E-04  6.07E-04  1.66E-05  1.60E-05  1.06E-03  4.19E-03
 30.0   3.33  0.0614  0.0577   710.   351.  1.89E-01  3.80E-02  7.58E-01  9.05E-03  2.28E-05  5.21E-05  2.63E-02  1.87E-02  6.75E-05  2.70E-04  7.44E-06  1.67E-03  2.66E-02  2.47E-02  8.73E-05  3.33E-04  1.03E-05  1.17E-05  3.20E-04  9.04E-04
 30.0   3.75  0.0440  0.0430   603.   280.  1.99E-01  2.88E-02  7.61E-01  7.95E-03  1.67E-05  3.03E-05  2.07E-02  1.41E-02  2.73E-06  1.76E-04  0.00E+00  1.32E-03  1.94E-02  1.91E-02  2.76E-05  1.45E-04  7.21E-06  8.51E-06  1.31E-04  2.52E-04
 30.0   4.17  0.0287  0.0342   498.   227.  2.09E-01  2.25E-02  7.62E-01  6.92E-03  1.39E-05  2.34E-05  1.56E-02  1.12E-02  5.08E-06  1.28E-04  0.00E+00  1.07E-03  1.27E-02  1.53E-02  8.60E-06  5.80E-05  4.47E-06  6.31E-06  9.33E-05  1.45E-04
 30.0   5.00  0.0089  0.0179   362.   125.  2.22E-01  1.26E-02  7.65E-01  4.91E-03  7.69E-06  1.24E-05  8.98E-03  5.84E-03  0.00E+00  8.48E-05  0.00E+00  6.04E-04  4.14E-03  8.07E-03  8.28E-07  6.18E-06  1.50E-06  2.74E-06  3.24E-05  6.65E-05
 30.0   5.83  0.0000  0.0043   299.    29.  2.28E-01  5.16E-03  7.66E-01  4.25E-03  4.99E-06  6.85E-06  6.02E-03  1.44E-03  0.00E+00  6.70E-05  0.00E+00  3.86E-04  2.23E-04  1.89E-03  0.00E+00  1.35E-07  2.82E-07  5.35E-07  6.52E-06  3.90E-05
 45.0  -1.11  0.3187  0.1019  1852.   243.  3.89E-02  4.30E-02  7.31E-01  1.63E-02  1.02E-03  1.39E-03  1.04E-01  2.28E-02  7.35E-04  2.32E-03  2.31E-02  2.72E-02  1.02E-01  1.99E-02  1.47E-03  1.04E-03  5.71E-05  1.73E-05  2.18E-02  2.43E-02
 45.0  -0.56  0.3647  0.0950  1919.   178.  2.43E-02  3.29E-02  7.24E-01  1.57E-02  1.53E-03  1.51E-03  1.12E-01  1.76E-02  2.10E-03  4.80E-03  3.23E-02  2.75E-02  1.05E-01  1.63E-02  1.48E-03  1.08E-03  6.05E-05  1.71E-05  3.00E-02  2.43E-02
 45.0   0.00  0.3806  0.1026  1922.   171.  2.12E-02  3.16E-02  7.22E-01  1.65E-02  1.77E-03  1.68E-03  1.14E-01  1.72E-02  2.92E-03  6.33E-03  3.44E-02  2.76E-02  1.03E-01  1.62E-02  1.31E-03  1.04E-03  5.92E-05  1.85E-05  3.37E-02  2.45E-02
 45.0   0.56  0.3647  0.1015  1911.   197.  2.49E-02  3.61E-02  7.25E-01  1.63E-02  1.58E-03  1.61E-03  1.11E-01  1.93E-02  2.20E-03  4.54E-03  3.20E-02  2.83E-02  1.03E-01  1.77E-02  1.36E-03  1.06E-03  5.90E-05  1.82E-05  3.09E-02  2.50E-02
 45.0   1.11  0.3248  0.1048  1851.   256.  3.94E-02  4.48E-02  7.28E-01  1.66E-02  1.05E-03  1.35E-03  1.03E-01  2.31E-02  1.26E-03  3.18E-03  2.29E-02  2.58E-02  1.03E-01  2.07E-02  1.42E-03  9.88E-04  5.94E-05  1.87E-05  2.27E-02  2.36E-02
 45.0   1.67  0.2755  0.1071  1730.   342.  6.03E-02  5.39E-02  7.34E-01  1.62E-02  6.24E-04  1.05E-03  9.24E-02  2.75E-02  2.09E-04  1.67E-03  1.52E-02  2.25E-02  9.62E-02  2.63E-02  1.31E-03  1.02E-03  5.45E-05  2.04E-05  1.52E-02  2.07E-02
 45.0   2.22  0.2181  0.1067  1521.   417.  9.21E-02  5.99E-02  7.40E-01  1.55E-02  3.07E-04  7.16E-04  7.61E-02  3.06E-02  1.72E-04  8.87E-04  7.75E-03  1.63E-02  8.28E-02  3.18E-02  9.77E-04  1.00E-03  4.50E-05  2.24E-05  7.90E-03  1.54E-02
 45.0   2.78  0.1683  0.0898  1319.   415.  1.20E-01  5.54E-02  7.46E-01  1.30E-02  1.05E-04  3.60E-04  6.15E-02  2.77E-02  1.37E-04  6.55E-04  2.94E-03  9.12E-03  6.90E-02  3.20E-02  5.88E-04  8.26E-04  3.51E-05  2.10E-05  2.72E-03  8.22E-03
 45.0   3.33  0.1189  0.0759  1061.   405.  1.51E-01  4.87E-02  7.52E-01  1.10E-02  4.11E-05  1.57E-04  4.54E-02  2.44E-02  8.70E-05  4.45E-04  6.48E-04  4.59E-03  5.07E-02  3.04E-02  2.77E-04  5.73E-04  2.41E-05  1.83E-05  8.60E-04  3.94E-03
 45.0   3.89  0.0861  0.0660   866.   383.  1.72E-01  4.33E-02  7.55E-01  1.01E-02  2.12E-05  5.92E-05  3.46E-02  2.18E-02  3.85E-05  3.38E-04  7.41E-05  2.28E-03  3.75E-02  2.79E-02  1.33E-04  4.10E-04  1.65E-05  1.57E-05  3.66E-04  1.30E-03
 45.0   4.44  0.0640  0.0539   735.   328.  1.86E-01  3.59E-02  7.58E-01  8.86E-03  1.38E-05  4.04E-05  2.74E-02  1.77E-02  0.00E+00  2.46E-04  8.75E-05  1.84E-03  2.83E-02  2.35E-02  6.38E-05  2.57E-04  1.18E-05  1.25E-05  1.77E-04  8.90E-04
 45.0   5.56  0.0331  0.0362   528.   237.  2.06E-01  2.39E-02  7.62E-01  7.14E-03  1.27E-05  2.46E-05  1.69E-02  1.18E-02  3.22E-06  1.55E-04  0.00E+00  1.08E-03  1.49E-02  1.62E-02  1.08E-05  8.80E-05  5.53E-06  7.12E-06  7.34E-05  2.01E-04
 45.0   6.67  0.0136  0.0220   395.   153.  2.19E-01  1.50E-02  7.65E-01  5.19E-03  1.16E-05  1.56E-05  1.05E-02  7.12E-03  0.00E+00  9.33E-05  0.00E+00  7.24E-04  6.32E-03  1.00E-02  1.14E-06  8.03E-06  2.13E-06  3.76E-06  2.50E-05  6.53E-05
 45.0   7.78  0.0030  0.0097   321.    68.  2.25E-01  7.50E-03  7.66E-01  4.38E-03  6.28E-06  7.92E-06  6.97E-03  3.09E-03  0.00E+00  6.97E-05  0.00E+00  4.90E-04  1.66E-03  4.44E-03  8.99E-08  1.31E-06  5.94E-07  1.30E-06  1.21E-05  4.32E-05
 60.0  -1.39  0.1820  0.0613  1432.   301.  1.07E-01  4.05E-02  7.46E-01  1.07E-02  1.70E-05  1.03E-04  6.76E-02  2.02E-02  0.00E+00  6.52E-04  3.00E-04  3.11E-03  7.87E-02  2.57E-02  4.30E-04  5.61E-04  3.99E-05  1.67E-05  6.15E-04  1.70E-03
 60.0  -0.69  0.2011  0.0623  1517.   297.  9.62E-02  3.99E-02  7.43E-01  1.12E-02  1.96E-05  1.14E-04  7.31E-02  1.98E-02  3.29E-04  7.06E-04  6.17E-04  3.51E-03  8.57E-02  2.55E-02  5.59E-04  6.31E-04  4.45E-05  1.77E-05  7.70E-04  2.09E-03
 60.0   0.00  0.2067  0.0638  1543.   300.  9.18E-02  4.12E-02  7.43E-01  1.10E-02  3.18E-05  1.24E-04  7.52E-02  2.05E-02  1.78E-04  7.14E-04  7.40E-04  3.80E-03  8.81E-02  2.57E-02  6.17E-04  6.47E-04  4.59E-05  1.74E-05  1.02E-03  2.78E-03
 60.0   0.69  0.1998  0.0660  1503.   315.  9.75E-02  4.27E-02  7.43E-01  1.13E-02  2.44E-05  1.16E-04  7.27E-02  2.10E-02  2.34E-04  6.83E-04  5.71E-04  3.78E-03  8.53E-02  2.71E-02  5.63E-04  6.23E-04  4.40E-05  1.74E-05  9.06E-04  2.48E-03
 60.0   1.39  0.1800  0.0665  1414.   338.  1.09E-01  4.41E-02  7.46E-01  1.11E-02  1.24E-05  9.85E-05  6.64E-02  2.19E-02  4.75E-05  6.17E-04  1.16E-04  3.26E-03  7.78E-02  2.79E-02  4.38E-04  5.53E-04  4.03E-05  1.86E-05  6.67E-04  1.94E-03
 60.0   2.08  0.1681  0.0663  1352.   341.  1.17E-01  4.38E-02  7.47E-01  1.07E-02  1.51E-05  9.03E-05  6.26E-02  2.19E-02  4.65E-05  5.84E-04  4.70E-04  2.87E-03  7.27E-02  2.79E-02  3.63E-04  5.16E-04  3.68E-05  1.80E-05  4.70E-04  1.48E-03
 60.0   2.78  0.1418  0.0641  1205.   345.  1.35E-01  4.23E-02  7.50E-01  1.04E-02  1.64E-05  7.65E-05  5.35E-02  2.13E-02  1.46E-04  4.49E-04  1.03E-04  2.65E-03  6.13E-02  2.72E-02  2.09E-04  3.93E-04  2.99E-05  1.71E-05  2.46E-04  1.09E-03
 60.0   3.47  0.1118  0.0600  1036.   345.  1.54E-01  4.05E-02  7.53E-01  9.53E-03  1.80E-05  6.32E-05  4.36E-02  2.03E-02  0.00E+00  3.69E-04  1.02E-04  2.21E-03  4.91E-02  2.59E-02  1.16E-04  2.75E-04  2.24E-05  1.54E-05  1.62E-04  6.88E-04
 60.0   4.17  0.0931  0.0538   920.   321.  1.67E-01  3.63E-02  7.55E-01  8.71E-03  1.46E-05  5.20E-05  3.68E-02  1.79E-02  1.58E-05  3.09E-04  0.00E+00  1.96E-03  4.13E-02  2.36E-02  5.98E-05  1.56E-04  1.76E-05  1.30E-05  1.16E-04  2.63E-04
 60.0   5.56  0.0541  0.0415   668.   268.  1.93E-01  2.75E-02  7.59E-01  7.92E-03  1.71E-05  3.27E-05  2.40E-02  1.38E-02  4.99E-06  1.94E-04  0.00E+00  1.37E-03  2.41E-02  1.85E-02  1.21E-05  5.77E-05  9.29E-06  9.06E-06  4.16E-05  1.31E-04
 60.0   6.94  0.0280  0.0288   497.   197.  2.09E-01  1.94E-02  7.63E-01  6.21E-03  1.08E-05  2.09E-05  1.55E-02  9.41E-03  0.00E+00  1.21E-04  0.00E+00  9.53E-04  1.27E-02  1.31E-02  2.06E-06  2.31E-05  4.48E-06  5.31E-06  3.59E-05  8.15E-05
 60.0   8.33  0.0149  0.0205   401.   142.  2.17E-01  1.40E-02  7.65E-01  5.62E-03  1.08E-05  1.42E-05  1.10E-02  6.61E-03  0.00E+00  9.48E-05  0.00E+00  7.44E-04  6.74E-03  9.32E-03  7.22E-07  4.66E-06  2.30E-06  3.46E-06  7.76E-06  6.31E-05
 60.0   9.72  0.0048  0.0124   334.    87.  2.24E-01  9.31E-03  7.66E-01  4.46E-03  6.40E-06  9.26E-06  7.79E-03  4.03E-03  0.00E+00  7.72E-05  0.00E+00  5.31E-04  2.37E-03  5.68E-03  1.59E-07  1.55E-06  8.54E-07  1.74E-06  3.00E-05  4.99E-05
