 # CREATED BY M. WILD: Concatenated from original data, added X/D column
 # flame name      : Sandia Piloted CH4/AIR JET FLAME D
 # institute       : Energie- und Kraftwerkstechnik, TU Darmstadt, Germany
 # data            : 2d-LDA measurements
 # fuel  mixture   : 25% methane/ 75% air
 # pilot mixture   : a premixture of C2H2, H2, air, CO2 and N2
 # diameter        : d_nozzle = 0.0072 m, d_i_pilot = 0 .0077 m, d_a_pilot  = 0.0182 m
 # bulk velocity   : U_fuel = 49.6 m/s
 # Reynolds number : Re_fuel = 22400
 # data rows       : 22
 # data columns    : 5
 # X/D[-]       R/D[-]           <U>[m/s]         <u`u`>[m2/s2]    <V>[m/s]         <v`v`>[m2/s2]    <u`v`>[m2/s2]
 1.00000000     0.00000000      62.77070000       5.06153705      -0.01954670       2.03595514      -0.22850490
 1.00000000     0.06944444      62.22083000       6.96316517      -0.14003320       2.33520575       0.25845210
 1.00000000     0.13888890      61.13279000       8.89902880      -0.23836880       2.72120655       1.52133700
 1.00000000     0.20833330      59.15261000      12.55313953      -0.26040900       3.15034811       1.10537900
 1.00000000     0.27777780      56.81018000      16.49805677      -0.38118620       3.90166787       2.46798500
 1.00000000     0.34722220      53.59375000      19.54007761      -0.39894210       4.41748758       3.15078100
 1.00000000     0.41666670      49.71984000      23.45628596      -0.56057540       5.79621996       2.93983800
 1.00000000     0.48611110      43.72466000      35.08567244      -0.09039240       6.36847621       5.12777700
 1.00000000     0.55555560      32.07964000      62.01792452       1.33721400       8.28284946      13.41085000
 1.00000000     0.62500000      18.42654000      43.18562427       1.52226300      11.51384696      15.47650000
 1.00000000     0.69444440       9.66612800       1.46921792      -1.16464100       1.94390797       1.15088600
 1.00000000     0.76388890      11.05058000       0.73601248      -1.03607200       0.48270355       0.06413060
 1.00000000     0.83333330      12.92358000       0.38540766      -0.80740230       0.14168660      -0.11440830
 1.00000000     0.90277780      13.82696000       0.26010357      -0.64462140       0.10488757      -0.04773020
 1.00000000     0.97222220      13.95017000       0.31784642      -0.50267090       0.13034837      -0.03388770
 1.00000000     1.04166700      14.57195000       0.75575256      -0.66693180       0.14892838      -0.17095150
 1.00000000     1.11111100      15.41350000       0.71578673      -0.50554360       0.15737192      -0.00608330
 1.00000000     1.18055600      14.35067000       1.19181544      -0.18753430       0.16322077       0.17724890
 1.00000000     1.25000000       9.94555600       2.95879905       0.07757000       0.10865323       0.32371320
 1.00000000     1.31944400       3.53985500       0.48771144      -0.01221470       0.11232284      -0.19289110
 1.00000000     1.38888900       1.10421600       0.04224344      -0.11328270       0.06204090      -0.00241690
 1.00000000     1.45833300       0.45991320       0.03395035      -0.17299380       0.04663341      -0.00170550
 2.00000000     0.00000000      62.70103000       6.33605419      -0.07272920       2.24055094      -0.15248000
 2.00000000     0.06944444      62.41280000       6.37319618      -0.19416390       2.47113055      -0.01891910
 2.00000000     0.13888890      61.39093000       9.25477397      -0.32028570       2.95208409       0.50611400
 2.00000000     0.20833330      59.66245000      12.63767661      -0.39092750       3.65928588       1.68597000
 2.00000000     0.27777780      57.11359000      17.40746980      -0.51829130       4.59940352       1.05788300
 2.00000000     0.34722220      53.62472000      21.16224486      -0.54837190       5.15875372       3.33587300
 2.00000000     0.41666670      49.67942000      24.31396218      -0.28560440       5.53994135       4.13468300
 2.00000000     0.48611110      45.01464000      31.88744573       0.19338740       6.93747135       5.87071900
 2.00000000     0.55555560      38.18560000      45.17006667       0.78382350       8.81050213      10.86565000
 2.00000000     0.62500000      22.38498000      40.46667204       0.83076440       8.55642647      10.92607000
 2.00000000     0.69444440      19.50396000      30.13501647       0.91011200       9.32738021      12.68717000
 2.00000000     0.76388890      14.46183000       3.60638710      -1.01347100       2.41587647      -0.43961490
 2.00000000     0.83333330      11.80392000       3.39937350      -0.52952200       0.70576314      -0.27270140
 2.00000000     0.90277780      13.47640000       2.19248730      -0.28672140       0.56986450      -0.02448710
 2.00000000     0.97222220      14.08478000       3.15936405      -0.20844130       1.53347110      -1.76846900
 2.00000000     1.04166700      15.07737000       1.15923336      -1.44325100       0.66632561       0.92034680
 2.00000000     1.11111100      13.33755000       1.65014064      -0.78130780       0.71548100       1.01246000
 2.00000000     1.18055600      11.65579000       3.81101847       0.27159410       1.21666636       2.04938300
 2.00000000     1.25000000       7.45581800       5.90265489      -0.29430260       1.45436605       5.60456200
 2.00000000     1.31944400       4.29483800       2.13578349      -0.16428170       0.54848436       1.30173500
 2.00000000     1.38888900       2.59013900       0.79471733       0.02260760       0.48736958       0.32661830
 2.00000000     1.45833300       1.53450100       0.21716439      -0.01922630       0.52716632       0.25371660
 3.00000000     0.00000000      64.48002000       4.65721433      -0.18519840       2.54070848       0.13016170
 3.00000000     0.13888890      62.19467000      10.41311595      -0.48155730       3.97212075       1.26704900
 3.00000000     0.27777780      56.35875000      20.82799661      -0.68809130       6.03137113       2.77680700
 3.00000000     0.41666670      48.75021000      28.69534909      -0.25109280       8.35827996       4.01011900
 3.00000000     0.55555560      36.99521000      42.77781323       0.69403430      10.50948768      11.83488000
 3.00000000     0.69444440      23.17790000      37.89152216       1.34800400      11.00122194      14.24000000
 3.00000000     0.83333330      14.47203000      13.35647393       1.43219900       8.83957335       2.38647200
 3.00000000     0.97222220       9.94773300       2.99810610      -0.80867180       2.12251099       0.92979250
 3.00000000     1.11111100       7.71919200       1.97970528      -0.63912400       0.35529229       0.56070800
 3.00000000     1.25000000       5.08270900       1.40657228      -0.36465320       0.55346428       0.52464430
 3.00000000     1.38888900       3.14596600       0.77826625      -0.14679140       0.38007977       0.15945230
 3.00000000     1.52777800       1.82557600       0.53224028      -0.04608000       0.38464047       0.21842190
 3.00000000     1.66666700       1.09724700       0.43046839       0.01220670       0.37429630       0.21144180
 3.00000000     1.94444400       0.46552950       0.10709924      -0.06942810       0.13240727       0.04089540
 3.00000000     2.22222200       0.40513640       0.04575685      -0.09380470       0.05362564       0.00661900
 7.50000000     0.00000000      62.90008000       9.50175693      -0.02068830       5.46774042      -0.20435700
 7.50000000     0.13888890      61.87199000      11.20648602       0.05413600       5.66650412       0.45033660
 7.50000000     0.27777780      58.39486000      17.54912853       0.09483470       6.85471990       0.63630630
 7.50000000     0.41666670      53.37923000      23.41449836       0.32328030       8.92108177       3.36110000
 7.50000000     0.55555560      47.21627000      34.57903360       0.79444630      11.85707243       6.75859300
 7.50000000     0.69444440      39.99125000      43.77120459       1.39042100      13.86298523      11.76127000
 7.50000000     0.83333330      31.66678000      50.35138525       1.81798500      14.63437374      14.76033000
 7.50000000     0.97222220      23.42735000      51.38766465       1.89305700      13.47203436      15.89396000
 7.50000000     1.11111100      11.74727000      30.22937852      -0.00747140       6.76456117       8.87753400
 7.50000000     1.25000000       6.14897800       8.05521463      -0.24371270       1.85655613       1.54632300
 7.50000000     1.38888900       4.28561600       3.31855810      -0.11104630       0.67559490       0.56309330
 7.50000000     1.52777800       2.75680700       1.70423626      -0.04698620       0.38211227       0.38597320
 7.50000000     1.66666700       1.89036100       1.13132792      -0.00500740       0.24226911       0.28622040
 7.50000000     1.94444400       1.30952200       0.70326170       0.10223080       0.21972047       0.21740120
 7.50000000     2.22222200       0.85214270       0.43538830       0.02147960       0.15428391       0.14150280
15.00000000     0.00000000      55.82720000      20.13153577      -0.14638300       9.46935063       0.60099400
15.00000000     0.27777780      49.37780000      36.12809374       0.31480170      14.88397110       6.69525700
15.00000000     0.55555560      39.87162000      58.60703240       1.05553700      21.29536380      16.09762000
15.00000000     0.83333330      24.69365000      96.27410769       1.72405700      25.34808326      28.64261000
15.00000000     1.11111100      15.13717000      69.65614999       2.67963900      18.56315502      22.99952000
15.00000000     1.38888900       7.35599400      27.11974351       3.01491700       9.59368853       9.95227900
15.00000000     1.66666700       4.65538300      13.24966552       1.93439700       6.61428897       9.17970200
15.00000000     1.94444400       2.73999200       4.18101892      -0.09282600       3.52045666       2.60946600
15.00000000     2.22222200       2.02405500       2.01625232       0.05495200       1.91436833       1.48608700
15.00000000     2.50000000       1.46868100       1.04112637       0.10379970       1.28653214       0.78538400
15.00000000     2.77777800       1.08276000       0.77578274       0.00545590       0.76556813       0.37247240
30.00000000     0.00000000      34.49011000      51.21350276       0.36268400      23.16314010      -0.74655200
30.00000000     0.41666670      33.93087000      57.13099784       1.15185600      24.86145249       3.48963300
30.00000000     0.83333330      31.36622000      60.34160650       1.90275600      24.43090607       9.92417000
30.00000000     1.25000000      26.78588000      61.40905525       2.22814700      25.81608339      16.53181000
30.00000000     1.66666700      22.86599000      61.48325695       2.68320000      24.85180028      17.27427000
30.00000000     2.08333300      17.27387000      54.45212037       2.45629100      23.37467219      19.04545000
30.00000000     2.50000000      12.25486000      40.79315585       2.22795500      21.15997240      18.37929000
30.00000000     2.91666700       8.14849200      23.50974623       1.57091600      15.99447248      12.99854000
30.00000000     3.33333300       6.69796400      15.87294126       1.12990700      12.69699999      10.70464000
30.00000000     3.75000000       4.11804900       8.60424889       0.92774300       8.40647977       6.18196900
30.00000000     4.58333300       2.69423300       3.47068330       0.52761500       3.83495064       1.85756900
30.00000000     5.41666700       1.48130500       1.54524043       0.49073300       2.86308058       0.35027500
30.00000000     6.52777800       0.39261780       0.36777348       0.44827200       0.68278161       0.98829600
45.00000000     0.00000000      22.50500000      41.06442487       0.19360300      18.32150741       0.12842400
45.00000000     0.55555560      21.86039000      42.66114540       0.78961500      18.62215068       2.46872300
45.00000000     1.11111100      20.57195000      40.91990742       1.26625300      19.15696474       6.07688800
45.00000000     1.66666700      18.91093000      41.94391239       1.66411400      18.99728935       8.12926600
45.00000000     2.22222200      15.73026000      37.57987924       1.50961600      18.44760053      11.47398000
45.00000000     2.77777800      12.23853000      31.55462102       1.20506100      16.53967561      12.66312000
45.00000000     3.33333300       9.73378500      23.58158095       1.02225200      14.87066406      11.11073000
45.00000000     3.88888900       7.68242900      17.78701946       1.02115800      12.00147149       9.47930800
45.00000000     4.44444400       6.98779900      13.03286533       1.15492600      11.22536778       8.00166400
45.00000000     5.00000000       5.24934400       8.46865873       0.68885200       8.44151186       5.91398100
45.00000000     5.55555600       4.33677700       7.84468230       0.74256500       6.60990731       4.47034000
45.00000000     6.11111100       3.17948100       4.79915335       0.46228300       4.81835865       2.92511600
45.00000000     6.66666700       2.23897700       3.07341220       0.10429800       3.25577997       2.28746700
45.00000000     7.22222200       1.25580200       1.21846495       0.10791100       1.11428714       0.39340300
45.00000000     7.77777800       1.17176400       1.43759381       0.11929700       1.09599961       0.86159200
60.00000000     0.00000000      13.69926000      18.88177114       0.06451990       9.24299845      -0.10444770
60.00000000     0.69444440      13.64711000      18.10728873       0.26286330       9.26087756       1.62943400
60.00000000     1.38888900      13.41008000      19.29854565       0.61667340       9.33568915       2.43033500
60.00000000     2.08333300      12.65974000      17.20132491       0.66980160       9.47021843       3.81395800
60.00000000     2.77777800      11.03868000      15.86887775       0.69095500       8.77076063       4.34339700
60.00000000     3.47222200       9.02453600      14.12835943       0.52816780       7.59936181       4.67433500
60.00000000     4.16666700       7.98363400      10.45670574       0.48113480       7.05584469       4.26282900
60.00000000     4.86111100       6.78622500       9.62496642       0.36840430       5.72330981       4.27537900
60.00000000     5.55555600       6.08719800       7.54920685       0.54322810       5.03748398       3.16059600
60.00000000     6.25000000       5.00620900       5.78279852       0.42824920       4.00438520       2.55532300
60.00000000     6.94444400       4.49292100       4.83377161       0.45737640       3.31676216       2.48960400
60.00000000     8.33333300       3.10695600       2.92106383       0.28937080       2.18738480       1.62744500
60.00000000     9.72222200       2.42603400       2.06238608       0.24180330       1.49465540       1.04040500
